epoch: 0 training_loss: 84.28149818968772
epoch: 0 bestmae: 9223372036854775807 testmae: 873.2475653076172 testrmse: 1091.3703255540715
