epoch: 0 training_loss: 0.018235803842544557
epoch: 0 bestmae: 9223372036854775807 testmae: 501.8286740112305 testrmse: 597.4483423799848
