epoch: 0 training_loss: 571.1965072097778
epoch: 0 bestmae: 9223372036854775807 testmae: 2798.466822814941 testrmse: 3572.9841762086635
epoch: 1 training_loss: 26.566867666244505
epoch: 1 bestmae: 2798.466822814941 testmae: 461.64321502685544 testrmse: 627.5268089256507
